8.000000000000000000e+00
8.900000000000000355e+00
1.250000000000000000e+01
1.450000000000000000e+01
2.000000000000000000e+01
3.100000000000000000e+01
3.320000000000000284e+01
3.700000000000000000e+01
3.900000000000000000e+01
4.350000000000000000e+01
4.570000000000000284e+01
7.500000000000000000e+00
8.400000000000000355e+00
1.350000000000000000e+01
1.400000000000000000e+01
1.730000000000000071e+01
1.810000000000000142e+01
2.039999999999999858e+01
3.089999999999999858e+01
3.700000000000000000e+01
3.900000000000000000e+01
4.020000000000000284e+01
4.410000000000000142e+01
6.599999999999999645e+00
7.400000000000000355e+00
1.350000000000000000e+01
1.950000000000000000e+01
2.050000000000000000e+01
3.245000000000000284e+01
3.670000000000000284e+01
3.900000000000000000e+01
4.120000000000000284e+01
4.510000000000000142e+01
