1.000000000000000000e+01
5.000000000000000000e+00
1.100000000000000000e+01
8.000000000000000000e+00
8.000000000000000000e+00
6.000000000000000000e+00
6.500000000000000000e+00
6.700000000000000178e+00
8.000000000000000000e+00
5.000000000000000000e+00
6.500000000000000000e+00
1.150000000000000000e+01
5.000000000000000000e+00
8.000000000000000000e+00
5.000000000000000000e+00
3.000000000000000000e+00
5.000000000000000000e+00
8.699999999999999289e+00
6.900000000000000355e+00
1.169999999999999929e+01
4.299999999999999822e+00
6.000000000000000000e+00
9.699999999999999289e+00
7.500000000000000000e+00
5.000000000000000000e+00
1.100000000000000000e+01
5.000000000000000000e+00
6.700000000000000178e+00
7.429999999999999716e+00
6.900000000000000355e+00
7.299999999999999822e+00
5.719999999999999751e+00
7.700000000000000178e+00
