7.000000000000000000e+00
5.000000000000000000e-01
3.000000000000000000e+00
8.000000000000000000e+00
5.000000000000000000e+00
1.000000000000000000e+01
8.000000000000000444e-01
1.000000000000000000e+00
5.000000000000000000e+00
5.000000000000000000e+00
7.000000000000000000e+00
1.019999999999999929e+01
5.000000000000000000e-01
9.300000000000000711e+00
2.100000000000000089e+00
6.999999999999999556e-01
6.500000000000000000e+00
9.500000000000000000e+00
8.500000000000000000e+00
9.300000000000000711e+00
2.000000000000000111e-01
5.849999999999999645e+00
7.599999999999999645e+00
8.599999999999999645e+00
5.299999999999999822e+00
9.300000000000000711e+00
6.500000000000000000e+00
6.429999999999999716e+00
6.500000000000000000e+00
8.300000000000000711e+00
8.000000000000000444e-01
5.849999999999999645e+00
4.599999999999999645e+00
