1.700000000000000000e+01
5.500000000000000000e+00
1.400000000000000000e+01
1.600000000000000000e+01
1.300000000000000000e+01
1.600000000000000000e+01
7.299999999999999822e+00
7.700000000000000178e+00
1.300000000000000000e+01
1.000000000000000000e+01
1.350000000000000000e+01
1.559999999999999964e+01
6.000000000000000000e+00
1.100000000000000000e+01
7.500000000000000000e+00
9.699999999999999289e+00
2.169999999999999929e+01
5.500000000000000000e+00
1.730000000000000071e+01
7.099999999999999645e+00
3.700000000000000178e+00
1.150000000000000000e+01
1.819999999999999929e+01
1.540000000000000036e+01
2.100000000000000000e+01
4.500000000000000000e+00
1.184999999999999964e+01
1.729999999999999716e+01
2.279999999999999716e+01
6.000000000000000000e+00
1.359999999999999964e+01
8.250000000000000000e+00
1.519999999999999929e+01
1.610000000000000142e+01
1.030000000000000071e+01
2.030000000000000071e+01
1.150000000000000000e+01
1.312999999999999901e+01
1.392999999999999972e+01
1.520000000000000107e+01
8.099999999999999645e+00
1.157000000000000028e+01
1.230000000000000071e+01
2.279999999999999716e+01
7.900000000000000355e+00
1.696999999999999886e+01
9.809999999999998721e+00
