3.016666666666666607e+00
4.183333333333333570e+00
6.516666666666666607e+00
7.016666666666666607e+00
8.349999999999999645e+00
1.051666666666666750e+01
1.151666666666666750e+01
1.301666666666666750e+01
1.393333333333333357e+01
1.576666666666666750e+01
2.876666666666666572e+01
2.960000000000000142e+01
3.068333333333333357e+01
3.468333333333333002e+01
5.335000000000000142e+01
5.485000000000000142e+01
5.735000000000000142e+01
6.085000000000000142e+01
6.218333333333333002e+01
6.293333333333333002e+01
6.343333333333333002e+01
2.783333333333333215e+00
4.783333333333333215e+00
7.033333333333333215e+00
8.783333333333333215e+00
1.103333333333333321e+01
1.328333333333333321e+01
1.578333333333333321e+01
1.728333333333333499e+01
2.603333333333333499e+01
2.928333333333333499e+01
3.153333333333333499e+01
3.353333333333333144e+01
3.428333333333333144e+01
3.603333333333333144e+01
3.778333333333333144e+01
3.928333333333333144e+01
4.028333333333333144e+01
4.178333333333333144e+01
5.103333333333333144e+01
5.353333333333333144e+01
5.603333333333333144e+01
5.653333333333333144e+01
5.753333333333333144e+01
5.978333333333333144e+01
6.278333333333333144e+01
6.528333333333333144e+01
2.866666666666666696e+00
4.283333333333333215e+00
5.200000000000000178e+00
6.616666666666666252e+00
7.616666666666666252e+00
9.616666666666667140e+00
1.169999999999999929e+01
1.561666666666666714e+01
2.828333333333333499e+01
2.944999999999999929e+01
3.144999999999999929e+01
3.353333333333333144e+01
3.595000000000000284e+01
3.728333333333333144e+01
3.961666666666666714e+01
5.186666666666666714e+01
5.378333333333333144e+01
5.545000000000000284e+01
5.895000000000000284e+01
5.995000000000000284e+01
6.161666666666666714e+01
6.361666666666666714e+01
6.445000000000000284e+01
6.495000000000000284e+01
2.866666666666666696e+00
4.866666666666666252e+00
6.783333333333333215e+00
9.199999999999999289e+00
1.094999999999999929e+01
1.486666666666666714e+01
1.686666666666666714e+01
2.669999999999999929e+01
2.869999999999999929e+01
3.094999999999999929e+01
3.295000000000000284e+01
3.478333333333333144e+01
3.695000000000000284e+01
3.886666666666666714e+01
4.111666666666666714e+01
5.103333333333333144e+01
5.278333333333333144e+01
5.503333333333333144e+01
5.703333333333333144e+01
5.878333333333333144e+01
6.070000000000000284e+01
6.295000000000000284e+01
6.503333333333333144e+01
2.866666666666666696e+00
4.866666666666666252e+00
7.033333333333333215e+00
8.150000000000000355e+00
9.199999999999999289e+00
1.178333333333333321e+01
1.244999999999999929e+01
1.361666666666666714e+01
1.486666666666666714e+01
1.619999999999999929e+01
2.661666666666666714e+01
2.861666666666666714e+01
3.019999999999999929e+01
3.161666666666666714e+01
3.495000000000000284e+01
3.678333333333333144e+01
3.753333333333333144e+01
3.800000000000000000e+01
3.986666666666666714e+01
4.211666666666666714e+01
5.020000000000000284e+01
5.320000000000000284e+01
5.461666666666666714e+01
5.645000000000000284e+01
5.853333333333333144e+01
6.061666666666666714e+01
6.303333333333333144e+01
6.511666666666666003e+01
6.695000000000000284e+01
2.883333333333333304e+00
3.383333333333333304e+00
5.383333333333333748e+00
6.883333333333333748e+00
1.013333333333333286e+01
1.288333333333333286e+01
1.588333333333333286e+01
2.563333333333333286e+01
2.838333333333333286e+01
2.888333333333333286e+01
3.238333333333333286e+01
3.488333333333333286e+01
3.788333333333333286e+01
3.988333333333333286e+01
4.938333333333333286e+01
5.238333333333333286e+01
5.413333333333333286e+01
5.688333333333333286e+01
5.988333333333333286e+01
6.238333333333333286e+01
6.438333333333333997e+01
2.833333333333333481e+00
3.583333333333333481e+00
7.083333333333333037e+00
9.566666666666666430e+00
1.208333333333333393e+01
1.391666666666666607e+01
2.683333333333333215e+01
3.008333333333333215e+01
3.083333333333333215e+01
3.508333333333333570e+01
5.068333333333333002e+01
5.335000000000000142e+01
5.433333333333333570e+01
5.586666666666666714e+01
5.708333333333333570e+01
5.960000000000000142e+01
2.916666666666666519e+00
5.666666666666666963e+00
7.916666666666666963e+00
9.916666666666666075e+00
1.166666666666666607e+01
1.358333333333333393e+01
1.641666666666666785e+01
1.716666666666666785e+01
2.791666666666666785e+01
2.916666666666666785e+01
3.291666666666666430e+01
3.541666666666666430e+01
3.641666666666666430e+01
3.841666666666666430e+01
4.116666666666666430e+01
5.191666666666666430e+01
5.391666666666666430e+01
5.641666666666666430e+01
5.891666666666666430e+01
6.058333333333333570e+01
6.216666666666666430e+01
6.516666666666667140e+01
2.816666666666666874e+00
4.816666666666666430e+00
5.316666666666666430e+00
6.816666666666666430e+00
9.316666666666666430e+00
1.056666666666666643e+01
1.106666666666666643e+01
1.281666666666666643e+01
1.580000000000000071e+01
2.481666666666666643e+01
2.531666666666666643e+01
2.706666666666666643e+01
2.931666666666666643e+01
3.331666666666666998e+01
3.398333333333333428e+01
3.548333333333333428e+01
3.631666666666666998e+01
3.856666666666666998e+01
4.981666666666666998e+01
5.031666666666666998e+01
5.206666666666666998e+01
5.281666666666666998e+01
5.431666666666666998e+01
5.731666666666666998e+01
5.781666666666666998e+01
5.881666666666666998e+01
6.156666666666666998e+01
2.899999999999999911e+00
4.900000000000000355e+00
6.900000000000000355e+00
8.900000000000000355e+00
9.900000000000000355e+00
1.015000000000000036e+01
1.240000000000000036e+01
1.340000000000000036e+01
1.440000000000000036e+01
1.590000000000000036e+01
2.348333333333333428e+01
2.539999999999999858e+01
2.789999999999999858e+01
2.889999999999999858e+01
3.089999999999999858e+01
3.189999999999999858e+01
3.473333333333333428e+01
3.589999999999999858e+01
3.723333333333333428e+01
3.906666666666666998e+01
4.973333333333333428e+01
5.189999999999999858e+01
5.373333333333333428e+01
5.464999999999999858e+01
5.789999999999999858e+01
5.939999999999999858e+01
6.089999999999999858e+01
6.289999999999999858e+01
2.966666666666666785e+00
3.549999999999999822e+00
5.466666666666666785e+00
7.466666666666666785e+00
8.216666666666666785e+00
1.038333333333333286e+01
1.221666666666666679e+01
1.246666666666666679e+01
1.421666666666666679e+01
1.621666666666666501e+01
1.655000000000000071e+01
1.821666666666666501e+01
1.871666666666666501e+01
2.146666666666666501e+01
2.855000000000000071e+01
2.896666666666666501e+01
3.071666666666666501e+01
3.121666666666666501e+01
3.254999999999999716e+01
3.296666666666666856e+01
3.546666666666666856e+01
3.696666666666666856e+01
3.921666666666666856e+01
4.096666666666666856e+01
4.146666666666666856e+01
4.346666666666666856e+01
5.296666666666666856e+01
5.321666666666666856e+01
5.496666666666666856e+01
5.596666666666666856e+01
5.696666666666666856e+01
5.896666666666666856e+01
6.096666666666666856e+01
6.446666666666666856e+01
6.571666666666666856e+01
6.621666666666666856e+01
2.916666666666666519e+00
4.916666666666666963e+00
7.250000000000000000e+00
8.083333333333333925e+00
9.583333333333333925e+00
1.141666666666666607e+01
1.441666666666666607e+01
2.741666666666666785e+01
2.966666666666666785e+01
3.258333333333333570e+01
3.425000000000000000e+01
3.525000000000000000e+01
3.741666666666666430e+01
5.141666666666666430e+01
5.366666666666666430e+01
5.591666666666666430e+01
5.891666666666666430e+01
6.166666666666666430e+01
