1.919999999999999929e+00
2.719999999999999751e+00
3.300000000000000266e+00
5.300000000000000266e-01
2.128999999999999915e+01
1.920000000000000151e+00
8.299999999999999600e-01
3.500000000000000000e+00
5.300000000000000266e-01
8.299999999999999600e-01
1.919999999999999929e+00
3.429999999999999716e+00
1.500000000000000000e+00
1.133999999999999986e+01
7.049999999999999822e+00
3.750000000000000000e+00
5.900000000000000799e-01
2.500000000000000000e-01
9.599999999999999645e+00
8.300000000000000711e-01
4.799999999999999822e-01
2.800000000000000266e-01
7.500000000000000000e+00
5.330000000000000959e+00
2.800000000000000266e-01
1.999999999999999833e-01
8.639999999999998792e+00
6.500000000000000000e+00
6.500000000000000000e+00
2.800000000000000266e-01
7.500000000000000000e+00
5.330000000000000959e+00
6.500000000000000000e+00
4.200000000000000178e+00
7.500000000000000000e+00
2.800000000000000266e-01
5.330000000000000959e+00
6.500000000000000000e+00
1.290000000000000036e+00
8.560000000000000497e+00
5.000000000000000278e-02
1.109999999999999964e+01
2.500000000000000000e-01
1.541999999999999815e+01
2.140999999999999659e+01
3.900000000000000133e-01
1.290000000000000036e+00
8.560000000000000497e+00
1.147000000000000064e+01
7.919999999999999041e+00
1.776999999999999957e+01
2.200000000000000178e+00
3.610000000000000320e+00
1.119999999999999929e+01
8.900000000000000133e-01
3.152000000000000313e+01
4.699999999999999734e-01
9.480000000000000426e+00
1.574000000000000021e+01
6.800000000000000488e-01
1.349000000000000021e+01
5.200000000000000178e-01
4.379999999999999893e+00
9.599999999999999645e-01
2.041000000000000014e+01
4.000000000000000222e-01
1.483000000000000007e+01
6.800000000000000488e-01
2.700000000000000178e-01
2.700000000000000178e-01
1.266000000000000014e+01
1.015000000000000036e+01
2.700000000000000178e-01
1.143999999999999950e+01
2.700000000000000178e-01
1.163000000000000078e+01
5.639999999999999680e+00
2.000000000000000111e-01
2.819999999999999396e+00
8.999999999999999667e-02
2.700000000000000178e-01
2.000000000000000111e-01
5.639999999999999680e+00
1.800000000000000044e+00
5.429999999999999716e+00
3.219999999999999751e+00
2.000000000000000111e-01
2.250000000000000000e+00
3.299999999999999822e+00
2.250000000000000000e+00
7.500000000000000000e-01
3.299999999999999822e+00
2.250000000000000000e+00
1.000000000000000000e+00
2.500000000000000000e-01
1.593000000000000149e+01
1.133000000000000007e+01
5.620000000000000107e+00
5.699999999999999512e-01
8.240000000000000213e+00
1.480000000000000071e+01
5.120000000000000107e+00
1.031000000000000050e+01
7.750000000000000000e+00
1.646000000000000085e+01
2.399999999999999911e-01
1.646000000000000085e+01
2.959999999999999964e+00
5.120000000000000107e+00
7.200000000000000178e+00
5.100000000000000089e-01
1.449999999999999956e+00
5.100000000000000089e-01
1.980000000000000071e+01
1.070999999999999908e+01
0.000000000000000000e+00
8.000000000000000167e-02
4.000000000000000083e-02
7.139999999999999680e+00
7.139999999999999680e+00
2.600000000000000089e+00
1.070000000000000062e+00
2.009999999999999787e+00
1.478999999999999915e+01
1.489999999999999991e+00
2.800000000000000266e-01
8.449999999999999289e+00
1.000000000000000056e-01
1.000000000000000056e-01
1.300000000000000044e-01
8.750000000000000000e+00
4.080000000000000071e+00
1.799999999999999933e-01
1.499999999999999944e-01
6.199999999999999956e-01
5.609999999999999432e+00
3.669999999999999929e+00
6.559999999999999609e+00
9.009999999999999787e+00
3.299999999999999822e+00
2.060999999999999943e+01
4.299999999999999933e-01
3.479999999999999538e+00
1.500000000000000000e+00
5.000000000000000278e-02
3.830000000000000071e+00
8.160000000000000142e+00
5.000000000000000278e-02
1.187000000000000099e+01
5.100000000000000089e-01
1.810000000000000053e+00
5.000000000000000278e-02
1.072000000000000064e+01
5.000000000000000000e-01
5.000000000000000278e-02
8.160000000000000142e+00
5.000000000000000278e-02
5.000000000000000278e-02
5.000000000000000278e-02
3.370000000000000107e+00
7.489999999999999325e+00
1.100000000000000006e-01
5.000000000000000278e-02
6.759999999999998899e+00
2.800000000000000266e-01
1.810000000000000053e+00
1.005000000000000071e+01
1.000000000000000000e+01
4.650000000000000355e+00
3.839999999999999858e+00
1.499999999999999944e-01
1.155000000000000071e+01
1.499999999999999944e-01
5.999999999999999778e-01
4.200000000000000178e+00
1.499999999999999944e-01
6.710000000000000853e+00
6.710000000000000853e+00
1.500000000000000000e+00
1.155000000000000071e+01
1.500000000000000000e+00
3.599999999999999867e-01
1.139999999999999858e+01
2.999999999999999889e-01
8.000000000000000444e-01
1.000000000000000000e+00
5.999999999999999778e-01
3.000000000000000444e-01
5.260000000000000675e+00
7.169999999999999929e+00
3.099999999999999978e-01
1.700000000000000122e-01
1.264000000000000057e+01
1.354000000000000092e+01
2.560000000000000053e+00
3.099999999999999978e-01
9.099999999999999645e+00
