8.669999999999999929e+00
1.064000000000000057e+01
8.669999999999999929e+00
4.979999999999999716e+01
3.414000000000000057e+01
2.610000000000000142e+01
5.320000000000000284e+00
6.969999999999999751e+00
2.275999999999999801e+01
2.275999999999999801e+01
2.449000000000000199e+01
6.640000000000000568e+00
2.217000000000000171e+01
5.418999999999999773e+01
1.350000000000000000e+01
4.551999999999999602e+01
1.562000000000000099e+01
4.551999999999999602e+01
1.328000000000000114e+01
8.669999999999999929e+00
8.669999999999999929e+00
1.478999999999999915e+01
5.550000000000000711e+00
1.984000000000000341e+01
5.550000000000000711e+00
6.149999999999999467e+00
1.508000000000000185e+01
5.550000000000000711e+00
2.420000000000000284e+01
2.420000000000000284e+01
6.900000000000000355e+00
1.984000000000000341e+01
7.500000000000000000e+00
1.682999999999999829e+01
2.178999999999999915e+01
1.180000000000000071e+01
2.271999999999999886e+01
4.599999999999999645e+00
6.149999999999999467e+00
2.323000000000000043e+01
6.900000000000000355e+00
2.178999999999999915e+01
1.100999999999999979e+01
5.550000000000000711e+00
1.984000000000000341e+01
1.928000000000000114e+01
1.928000000000000114e+01
1.274000000000000199e+01
2.000000000000000000e+01
2.500000000000000000e+00
2.039999999999999858e+01
9.250000000000000000e+00
2.822999999999999687e+01
3.672999999999999687e+01
6.540000000000000036e+00
1.274000000000000199e+01
2.000000000000000000e+01
2.064999999999999858e+01
2.063999999999999702e+01
3.108999999999999631e+01
1.321000000000000085e+01
1.466000000000000014e+01
1.649000000000000199e+01
2.182000000000000028e+01
8.669999999999999929e+00
1.853000000000000114e+01
1.172000000000000242e+01
2.041999999999999815e+01
1.989000000000000057e+01
5.140000000000000568e+00
1.172000000000000242e+01
2.304999999999999716e+01
1.342000000000000171e+01
3.870000000000000284e+01
1.623000000000000043e+01
2.067999999999999972e+01
2.806000000000000227e+01
1.751999999999999957e+01
2.550000000000000000e+01
7.029999999999999361e+00
8.539999999999999147e+00
2.674000000000000199e+01
2.662999999999999901e+01
5.650000000000000355e+00
2.596999999999999886e+01
1.751999999999999957e+01
2.610000000000000142e+01
5.650000000000000355e+00
4.408999999999999631e+01
1.057000000000000028e+01
1.744999999999999929e+01
1.525000000000000000e+01
3.473999999999999488e+01
6.549999999999999822e+00
2.052000000000000313e+01
1.100999999999999801e+01
1.291000000000000014e+01
1.100000000000000089e+00
2.232999999999999829e+01
1.210999999999999943e+01
8.560000000000000497e+00
1.335999999999999943e+01
1.100000000000000089e+00
8.560000000000000497e+00
2.052000000000000313e+01
1.577999999999999936e+01
1.350000000000000000e+01
2.246000000000000085e+01
1.872000000000000242e+01
3.750000000000000000e+00
9.650000000000000355e+00
5.200000000000000178e-01
1.894999999999999929e+01
6.200000000000000178e+00
1.882000000000000028e+01
1.315000000000000036e+01
4.959999999999999964e+00
1.897000000000000242e+01
1.240000000000000036e+01
2.460000000000000142e+01
1.240000000000000036e+01
1.326000000000000156e+01
1.100000000000000089e+00
1.166000000000000014e+01
2.362000000000000099e+01
2.375000000000000000e+01
3.150999999999999801e+01
2.919999999999999929e+01
4.703999999999999915e+01
4.254000000000000625e+01
1.880000000000000071e+01
3.698000000000000398e+01
7.900000000000000355e-01
3.698000000000000398e+01
2.003999999999999915e+01
4.703999999999999915e+01
7.200000000000000178e+00
1.376000000000000156e+01
2.219999999999999929e+01
9.230000000000000426e+00
1.964000000000000057e+01
4.845000000000000284e+01
4.703999999999999915e+01
2.019999999999999929e+01
2.580000000000000071e+00
2.342000000000000526e+01
2.678000000000000114e+01
1.891000000000000014e+01
1.632000000000000028e+01
3.073999999999999844e+01
3.847999999999999687e+01
1.552000000000000135e+01
1.891000000000000014e+01
2.003999999999999915e+01
1.928000000000000114e+01
2.342000000000000526e+01
1.632000000000000028e+01
1.669999999999999929e+01
8.599999999999999645e+00
1.632000000000000028e+01
1.119999999999999929e+01
1.119999999999999929e+01
2.053999999999999915e+01
1.015000000000000036e+01
1.119999999999999929e+01
1.668999999999999773e+01
1.119999999999999929e+01
1.163000000000000078e+01
1.691000000000000014e+01
1.605000000000000071e+01
6.459999999999999076e+00
2.719999999999999751e+00
1.119999999999999929e+01
1.605000000000000071e+01
1.691000000000000014e+01
1.691000000000000014e+01
6.900000000000000355e+00
1.644999999999999929e+01
8.959999999999999076e+00
6.089999999999999858e+00
1.592999999999999972e+01
1.744999999999999929e+01
8.160000000000000142e+00
1.186999999999999922e+01
1.769999999999999929e+01
1.836000000000000298e+01
1.186999999999999922e+01
1.719999999999999973e+00
2.719999999999999574e+01
1.557000000000000028e+01
1.557000000000000028e+01
1.186999999999999922e+01
1.769999999999999929e+01
1.836000000000000298e+01
1.557000000000000028e+01
3.420000000000000284e+01
1.769999999999999929e+01
1.003999999999999915e+01
1.836000000000000298e+01
1.557000000000000028e+01
1.557000000000000028e+01
1.769999999999999929e+01
2.719999999999999574e+01
1.719999999999999973e+00
1.019999999999999929e+01
1.557000000000000028e+01
1.769999999999999929e+01
1.836000000000000298e+01
1.186999999999999922e+01
2.607999999999999474e+01
2.866000000000000369e+01
2.228999999999999915e+01
1.000000000000000056e-01
1.000000000000000056e-01
1.201000000000000156e+01
2.420000000000000284e+01
1.240000000000000036e+01
1.680999999999999872e+01
1.664999999999999858e+01
2.569999999999999840e+00
1.431000000000000050e+01
1.389000000000000057e+01
1.489000000000000057e+01
2.468999999999999773e+01
1.350000000000000000e+01
3.030999999999999872e+01
1.780000000000000027e+00
1.180000000000000071e+01
1.350000000000000000e+01
3.792000000000000171e+01
1.466000000000000014e+01
8.499999999999999778e-01
2.500999999999999801e+01
1.225000000000000000e+01
1.359999999999999787e+01
4.301999999999999602e+01
3.032000000000000028e+01
4.919999999999999929e+00
1.706000000000000227e+01
1.668999999999999773e+01
4.919999999999999929e+00
1.432000000000000028e+01
8.669999999999999929e+00
7.339999999999999858e+00
4.919999999999999929e+00
2.350000000000000000e+01
2.337999999999999901e+01
4.919999999999999929e+00
1.668999999999999773e+01
4.919999999999999929e+00
4.919999999999999929e+00
4.919999999999999929e+00
1.300000000000000000e+01
1.608999999999999986e+01
1.560000000000000053e+00
4.919999999999999929e+00
1.676999999999999957e+01
1.003999999999999915e+01
7.339999999999999858e+00
2.316000000000000369e+01
2.360000000000000142e+01
2.294999999999999574e+01
1.965000000000000213e+01
4.919999999999999929e+00
2.445000000000000284e+01
1.601999999999999957e+01
4.919999999999999929e+00
4.035999999999999943e+01
1.003999999999999915e+01
7.650000000000000355e+00
2.337999999999999901e+01
4.919999999999999929e+00
1.675999999999999801e+01
4.000000000000000000e+00
3.896000000000000085e+01
1.148999999999999844e+01
1.000000000000000000e+01
1.140000000000000036e+01
1.062999999999999901e+01
5.750000000000000000e+00
2.950000000000000000e+01
2.969999999999999929e+01
5.000000000000000000e+00
2.150000000000000000e+01
1.250000000000000000e+01
3.406000000000000227e+01
3.929999999999999716e+01
2.969999999999999929e+01
2.723000000000000398e+01
1.418999999999999950e+01
3.424999999999999289e+01
